3557
2373
4794
3790
5014
4822
4143
3051
3867
3031
5972
2008
5877
5671
3418
2302
1151
3350
4414
3360
2274
4309
3349
4583
4244
3725
2727
3608
3021
5059
1935
5073
5021
3081
2044
1267
2932
4479
2596
1990
3202
2665
3434
3129
2861
2197
2849
2310
3629
1669
3477
3579
2502
1745
1104
2434
3175
3799
2505
5015
3767
5382
4915
4656
3217
4584
3282
6313
1966
6500
5920
3782
2296
1315
3649
5283
4920
2887
7557
5043
7570
7215
5979
3966
5771
4052
9855
2244
9990
9282
4417
2423
1339
4384
7401
3501
2284
4661
3551
4768
4610
4156
2991
4003
3228
5545
1967
5596
5169
3417
2228
1316
3457
4643
4702
2843
7433
4408
6829
6467
5091
3594
4846
3875
8300
2254
8968
9033
3947
2489
1202
3782
6239
2726
1918
3224
2882
3811
3580
3499
2330
3186
2479
4321
1580
4126
3986
4349
1836
1184
4679
3799
3936
2476
5233
3979
5611
5316
4611
3439
4645
3488
6886
2015
6794
6667
3893
2319
1356
3794
10190
3869
2469
5359
4095
5507
5347
4747
3467
4761
3528
6892
2036
6908
6657
3955
2405
1309
3782
12687
